j,tj,nj,dj,"Censored during: (tj, tj+1): cj"
1,3,200,2,
2,6,198,5,
3,8,193,3,
4,11,190,2,
5,14,188,4,5
6,18,179,10,
7,21,169,3,
8,23,166,1,
9,24,165,1,
10,26,164,2,15
11,30,147,3,
12,34,144,4,
13,38,140,1,
14,39,139,2,
15,40,137,4,2
16,43,131,8,
17,45,123,4,4
18,50,115,5,
19,53,110,2,
20,55,108,1,
